1 - ON
Decimal: 4543795 (24Bit) Binary: 010001010101010100110011 Tri-State: F0FFFFFF0101 PulseLength: 206 microseconds Protocol: 1
Raw data: 6424,184,648,592,236,180,644,180,648,176,648,596,232,180,644,596,232,180,648,592,232,180,648,592,236,176,648,592,232,176,648,592,232,180,644,180,644,176,648,176,648,176,648,176,644,180,644,180,644,

1 - OFF
Decimal: 4543804 (24Bit) Binary: 010001010101010100111100 Tri-State: F0FFFFFF0110 PulseLength: 207 microseconds Protocol: 1
Raw data: 6428,184,648,592,236,180,652,180,644,180,648,592,240,172,652,588,244,168,652,592,236,176,652,592,236,180,652,588,244,168,660,584,240,172,660,16,364,244,24,28,48,40,20,60,196,16,24,36,44,

2 - ON
Decimal: 4543939 (24Bit) Binary: 010001010101010111000011 Tri-State: F0FFFFFF1001 PulseLength: 206 microseconds Protocol: 1
Raw data: 6408,184,648,592,232,180,644,184,644,180,636,604,224,184,636,600,224,188,636,60,24,176,32,228,16,72,52,64,16,100,484,52,16,16,44,16,40,20,48,168,28,24,24,156,16,64,16,72,16,

2 - OFF
Decimal: 4543948 (24Bit) Binary: 010001010101010111001100 Tri-State: F0FFFFFF1010 PulseLength: 206 microseconds Protocol: 1
Raw data: 6404,188,636,596,228,188,636,184,636,192,632,600,224,188,636,604,224,184,640,600,228,180,640,596,228,184,640,600,224,184,656,580,240,172,652,172,652,172,652,172,652,172,652,168,652,172,652,172,652,

3 - ON
Decimal: 4544259 (24Bit) Binary: 010001010101011100000011 Tri-State: F0FFFFF10001 PulseLength: 206 microseconds Protocol: 1
Raw data: 6412,184,644,596,232,184,640,180,644,180,644,596,232,180,644,592,232,180,648,592,232,180,644,592,232,180,644,596,232,592,644,588,236,176,648,176,644,176,648,180,644,176,644,180,644,180,644,180,644,

3 - OFF
Decimal: 4544268 (24Bit) Binary: 010001010101011100001100 Tri-State: F0FFFFF10010 PulseLength: 206 microseconds Protocol: 1
Raw data: 16,32,24,16,40,244,172,652,180,644,172,652,168,656,248,16,16,20,20,28,36,40,40,16,44,28,24,244,588,244,964,28,364,32,412,16,36,288,20,32,608,32,28,224,176,24,28,376,44,