1 - ON
Decimal: 9221150 (25Bit) Binary: 0100011001011010000011110 Tri-State: not applicable PulseLength: 306 microseconds Protocol: 1
Raw data: 9524,236,884,800,328,240,884,240,884,240,884,800,324,800,328,240,888,236,888,800,324,236,884,800,328,796,332,240,884,796,328,240,888,236,888,236,888,236,888,236,884,796,332,796,328,800,332,792,332,236,880,

1 - OFF
Decimal: 9221134 (25Bit) Binary: 0100011001011010000001110 Tri-State: not applicable PulseLength: 306 microseconds Protocol: 1
Raw data: 9520,240,884,800,328,240,884,240,884,240,888,796,332,792,332,240,884,240,880,800,328,240,884,796,332,796,332,236,884,796,332,240,884,240,884,240,888,232,888,236,888,236,888,796,332,792,336,792,332,236,880,

2 - ON
Decimal: 9221142 (25Bit) Binary: 0100011001011010000010110 Tri-State: not applicable PulseLength: 306 microseconds Protocol: 1
Raw data: 9520,240,880,800,328,240,888,236,888,236,884,796,328,800,332,236,884,240,880,800,328,240,884,796,328,796,332,236,888,796,332,236,888,236,888,236,884,240,888,236,884,800,332,236,888,792,332,796,332,236,880,

2 - OFF
Decimal: 9221126 (25Bit) Binary: 0100011001011010000000110 Tri-State: not applicable PulseLength: 306 microseconds Protocol: 1
Raw data: 9524,240,880,800,332,240,880,244,884,240,884,800,328,800,328,240,888,236,880,800,332,240,880,800,328,800,328,240,884,796,332,236,884,240,888,240,884,236,884,240,884,240,884,236,892,792,328,796,332,236,880,

3 - ON
Decimal: 9221146 (25Bit) Binary: 0100011001011010000011010 Tri-State: not applicable PulseLength: 307 microseconds Protocol: 1
Raw data: 9520,240,884,796,328,240,884,240,888,236,880,796,328,796,328,240,888,236,884,796,328,236,888,792,332,792,332,236,888,792,336,232,884,240,888,236,884,236,888,236,888,796,332,796,332,236,888,792,336,232,884,

3 - OFF
Decimal: 9221130 (25Bit) Binary: 0100011001011010000001010 Tri-State: not applicable PulseLength: 307 microseconds Protocol: 1
Raw data: 9520,240,884,796,328,244,880,240,888,236,884,796,328,800,328,240,884,240,880,800,328,240,884,792,332,796,332,240,880,796,332,236,884,236,888,236,888,236,888,236,884,240,884,796,332,236,884,796,332,236,880,